Epoch		Step		TotalStep		Det-loss		Reg-loss		TrainMode
1		100		100		0.0283		0.1351		1
1		200		200		0.0247		0.0281		1
1		300		300		0.0100		0.0097		1
1		400		400		0.0184		0.0088		1
1		500		500		0.0106		0.0080		1
1		600		600		0.0137		0.0342		1
1		700		700		0.0129		0.0140		1
1		800		800		0.0143		0.0029		1
1		900		900		0.0122		0.0090		1
1		1000		1000		0.0063		0.0020		1
1		1100		1100		0.0167		0.0245		1
1		1200		1200		0.0074		0.0110		1
1		1300		1300		0.0118		0.0400		1
1		1400		1400		0.0097		0.0367		1
1		1500		1500		0.0107		0.0067		1
1		1600		1600		0.0184		0.0138		1
1		1700		1700		0.0179		0.0246		1
1		1800		1800		0.0103		0.0008		1
1		1900		1900		0.0085		0.0130		1
1		2000		2000		0.0100		0.0248		1
1		2100		2100		0.0092		0.0042		1
1		2200		2200		0.0135		0.0028		1
1		2300		2300		0.0146		0.0094		1
2		44		2400		0.0231		0.0061		1
2		144		2500		0.0151		0.0121		1
2		244		2600		0.0084		0.0019		1
2		344		2700		0.0116		0.0028		1
2		444		2800		0.0195		0.0091		1
2		544		2900		0.0114		0.0230		1
2		644		3000		0.0099		0.0036		1
2		744		3100		0.0078		0.0007		1
2		844		3200		0.0077		0.0290		1
2		944		3300		0.0114		0.0131		1
2		1044		3400		0.0075		0.0070		1
2		1144		3500		0.0088		0.0020		1
2		1244		3600		0.0122		0.0103		1
2		1344		3700		0.0110		0.0404		1
2		1444		3800		0.0104		0.0772		1
2		1544		3900		0.0073		0.0036		1
2		1644		4000		0.0120		0.0014		1
2		1744		4100		0.0112		0.0239		1
2		1844		4200		0.0121		0.0020		1
2		1944		4300		0.0111		0.0044		1
2		2044		4400		0.0114		0.0138		1
2		2144		4500		0.0087		0.0038		1
2		2244		4600		0.0118		0.0030		1
2		2344		4700		0.0111		0.0427		1
3		88		4800		0.0086		0.0023		1
3		188		4900		0.0103		0.0007		1
3		288		5000		0.0105		0.0276		1
3		388		5100		0.0094		0.0019		1
3		488		5200		0.0078		0.0073		1
3		588		5300		0.0092		0.0308		1
3		688		5400		0.0109		0.0365		1
3		788		5500		0.0065		0.0017		1
3		888		5600		0.0099		0.0015		1
3		988		5700		0.0110		0.0063		1
3		1088		5800		0.0110		0.0614		1
3		1188		5900		0.0094		0.0016		1
3		1288		6000		0.0073		0.0025		1
3		1388		6100		0.0283		0.0393		1
3		1488		6200		0.0136		0.0114		1
3		1588		6300		0.0160		0.0098		1
3		1688		6400		0.0150		0.0135		1
3		1788		6500		0.0085		0.0028		1
3		1888		6600		0.0094		0.0019		1
3		1988		6700		0.0099		0.0181		1
3		2088		6800		0.0112		0.0688		1
3		2188		6900		0.0078		0.0038		1
3		2288		7000		0.0101		0.0023		1
4		32		7100		0.0172		0.0117		1
4		32		7100		0.0272		0.0514		1
4		132		7200		0.0162		0.0185		1
4		232		7300		0.0135		0.0130		1
4		332		7400		0.0090		0.0108		1
4		432		7500		0.0079		0.0111		1
4		532		7600		0.0106		0.0626		1
4		632		7700		0.0208		0.0782		1
4		732		7800		0.0091		0.0036		1
4		832		7900		0.0100		0.0060		1
4		932		8000		0.0096		0.0074		1
4		1032		8100		0.0150		0.0643		1
4		1132		8200		0.0115		0.0081		1
4		1232		8300		0.0132		0.0036		1
4		1332		8400		0.0115		0.0031		1
4		1432		8500		0.0086		0.0021		1
4		1532		8600		0.0106		0.0466		1
4		1632		8700		0.0186		0.0180		1
4		1732		8800		0.0336		0.0019		1
4		1832		8900		0.0103		0.0501		1
4		1932		9000		0.0093		0.0010		1
4		2032		9100		0.0101		0.0445		1
4		2132		9200		0.0160		0.0036		1
4		2232		9300		0.0068		0.0095		1
4		2332		9400		0.0179		0.0316		1
5		76		9500		0.0181		0.0805		1
5		176		9600		0.0070		0.0023		1
5		276		9700		0.0097		0.0025		1
5		376		9800		0.0111		0.0042		1
5		476		9900		0.0160		0.0078		1
5		576		10000		0.0136		0.0019		1
5		676		10100		0.0116		0.0024		1
5		776		10200		0.0130		0.0043		1
5		876		10300		0.0080		0.0008		1
5		976		10400		0.0099		0.0031		1
5		1076		10500		0.0145		0.0248		1
5		1176		10600		0.0088		0.0044		1
5		1276		10700		0.0106		0.0050		1
5		1376		10800		0.0078		0.0264		1
5		1476		10900		0.0085		0.0431		1
5		1576		11000		0.0085		0.0077		1
5		1676		11100		0.0075		0.0221		1
5		1776		11200		0.0127		0.0023		1
5		1876		11300		0.0128		0.0033		1
5		1976		11400		0.0134		0.0021		1
5		2076		11500		0.0173		0.0412		1
5		2176		11600		0.0113		0.0148		1
5		2276		11700		0.0112		0.0019		1
6		20		11800		0.0160		0.0104		1
6		120		11900		0.0081		0.0039		1
6		220		12000		0.0078		0.0055		1
6		320		12100		0.0126		0.0058		1
6		420		12200		0.0234		0.2830		1
6		520		12300		0.0152		0.0333		1
6		620		12400		0.0083		0.0018		1
6		720		12500		0.0134		0.0031		1
6		820		12600		0.0124		0.0581		1
6		920		12700		0.0087		0.0041		1
6		1020		12800		0.0120		0.0009		1
6		1120		12900		0.0126		0.0032		1
6		1220		13000		0.0166		0.0395		1
6		1320		13100		0.0150		0.0570		1
6		1420		13200		0.0089		0.0130		1
6		1520		13300		0.0093		0.0106		1
6		1620		13400		0.0208		0.0120		1
6		1720		13500		0.0084		0.0015		1
6		1820		13600		0.0086		0.0030		1
6		1920		13700		0.0108		0.0251		1
6		2020		13800		0.0093		0.0642		1
6		2120		13900		0.0097		0.0033		1
6		2220		14000		0.0131		0.0069		1
6		2320		14100		0.0064		0.0015		1
7		64		14200		0.0133		0.0014		1
7		164		14300		0.0136		0.0009		1
7		264		14400		0.0088		0.0109		1
7		364		14500		0.0099		0.0008		1
7		464		14600		0.0065		0.0020		1
7		564		14700		0.0084		0.0207		1
7		664		14800		0.0095		0.0009		1
7		764		14900		0.0419		0.0031		1
7		864		15000		0.0097		0.0034		1
7		964		15100		0.0084		0.0137		1
7		1064		15200		0.0115		0.0169		1
7		1164		15300		0.0112		0.0051		1
7		1264		15400		0.0094		0.0145		1
7		1364		15500		0.0100		0.0456		1
7		1464		15600		0.0135		0.0187		1
7		1564		15700		0.0138		0.0023		1
7		1664		15800		0.0096		0.0330		1
7		1764		15900		0.0083		0.0048		1
7		1864		16000		0.0215		0.0872		1
7		1964		16100		0.0114		0.0156		1
7		2064		16200		0.0162		0.0051		1
7		2164		16300		0.0089		0.0162		1
7		2264		16400		0.0113		0.0018		1
8		8		16500		0.0147		0.0090		1
8		108		16600		0.0107		0.0319		1
8		208		16700		0.0200		0.0010		1
8		308		16800		0.0183		0.0229		1
8		408		16900		0.0067		0.0007		1
8		508		17000		0.0089		0.0022		1
8		608		17100		0.0149		0.0023		1
8		708		17200		0.0092		0.0211		1
8		808		17300		0.0097		0.0017		1
8		908		17400		0.0260		0.2306		1
8		1008		17500		0.0180		0.0464		1
8		1108		17600		0.0112		0.0083		1
8		1208		17700		0.0109		0.1014		1
8		1308		17800		0.0108		0.0089		1
8		1408		17900		0.0087		0.0023		1
8		1508		18000		0.0078		0.0026		1
8		1608		18100		0.0121		0.0955		1
8		1708		18200		0.0102		0.0576		1
8		1808		18300		0.0078		0.0057		1
8		1908		18400		0.0068		0.0085		1
8		2008		18500		0.0103		0.0110		1
8		2108		18600		0.0077		0.0008		1
8		2208		18700		0.0114		0.0149		1
8		2308		18800		0.0096		0.0118		1
9		52		18900		0.0094		0.0018		1
9		152		19000		0.0688		0.0133		1
9		252		19100		0.0093		0.0051		1
9		352		19200		0.0089		0.0011		1
9		452		19300		0.0087		0.0013		1
9		552		19400		0.0149		0.0137		1
9		652		19500		0.0145		0.0124		1
9		752		19600		0.0110		0.0447		1
9		852		19700		0.0088		0.0039		1
9		952		19800		0.0086		0.0142		1
9		1052		19900		0.0098		0.0087		1
9		1152		20000		0.0093		0.0164		1
9		1252		20100		0.0102		0.0254		1
9		1352		20200		0.0187		0.0306		1
9		1452		20300		0.0122		0.0093		1
9		1552		20400		0.0078		0.0036		1
9		1652		20500		0.0175		0.0231		1
9		1752		20600		0.0141		0.0061		1
9		1852		20700		0.0129		0.0123		1
9		1952		20800		0.0151		0.0031		1
9		2052		20900		0.0104		0.0185		1
9		2152		21000		0.0073		0.0037		1
9		2252		21100		0.0072		0.0024		1
9		2352		21200		0.0108		0.0518		1
10		96		21300		0.0069		0.0006		1
10		196		21400		0.0106		0.0053		1
10		296		21500		0.0106		0.0022		1
10		396		21600		0.0137		0.0025		1
10		496		21700		0.0065		0.0103		1
10		596		21800		0.0091		0.0014		1
10		696		21900		0.0104		0.0110		1
10		796		22000		0.0117		0.0052		1
10		896		22100		0.0073		0.0620		1
10		996		22200		0.0112		0.0023		1
10		1096		22300		0.0060		0.0054		1
10		1196		22400		0.0124		0.0049		1
10		1296		22500		0.0073		0.0077		1
10		1396		22600		0.0092		0.0066		1
10		1496		22700		0.0119		0.0048		1
10		1596		22800		0.0076		0.0171		1
10		1696		22900		0.0067		0.0081		1
10		1796		23000		0.0131		0.0327		1
10		1896		23100		0.0099		0.0016		1
10		1996		23200		0.0092		0.0017		1
10		2096		23300		0.0088		0.0267		1
10		2196		23400		0.0082		0.0014		1
10		2296		23500		0.0074		0.0054		1
11		40		23600		0.0100		0.0017		1
11		140		23700		0.0076		0.0029		1
11		240		23800		0.0076		0.0065		1
11		340		23900		0.0094		0.0456		1
11		440		24000		0.0075		0.0012		1
11		540		24100		0.0148		0.0955		1
11		640		24200		0.0135		0.0157		1
11		740		24300		0.0184		0.0266		1
11		840		24400		0.0082		0.0028		1
11		940		24500		0.0106		0.0030		1
11		1040		24600		0.0058		0.0019		1
11		1140		24700		0.0073		0.0081		1
11		1240		24800		0.0050		0.0009		1
11		1340		24900		0.0093		0.0045		1
11		1440		25000		0.0108		0.0132		1
11		1540		25100		0.0088		0.0019		1
11		1640		25200		0.0096		0.0010		1
11		1740		25300		0.0080		0.0005		1
11		1840		25400		0.0093		0.0020		1
11		1940		25500		0.0141		0.0072		1
11		2040		25600		0.0187		0.0519		1
11		2140		25700		0.0147		0.0308		1
11		2240		25800		0.0123		0.0277		1
11		2340		25900		0.0143		0.0014		1
12		84		26000		0.0140		0.0072		1
12		184		26100		0.0157		0.0249		1
12		284		26200		0.0107		0.0105		1
12		384		26300		0.0096		0.0063		1
12		484		26400		0.0116		0.0284		1
12		584		26500		0.0088		0.0008		1
12		684		26600		0.0089		0.0013		1
12		784		26700		0.0089		0.0079		1
12		884		26800		0.0077		0.0253		1
12		984		26900		0.0098		0.0030		1
12		1084		27000		0.0085		0.0019		1
12		1184		27100		0.0064		0.0037		1
12		1284		27200		0.0112		0.0023		1
12		1384		27300		0.0085		0.0287		1
12		1484		27400		0.0064		0.0020		1
12		1584		27500		0.0107		0.0008		1
12		1684		27600		0.0108		0.0126		1
12		1784		27700		0.0060		0.0007		1
12		1884		27800		0.0114		0.0038		1
12		1984		27900		0.0089		0.0011		1
12		2084		28000		0.0087		0.0135		1
12		2184		28100		0.0132		0.0034		1
12		2284		28200		0.0071		0.0174		1
13		28		28300		0.0146		0.0270		1
13		128		28400		0.0144		0.1035		1
13		228		28500		0.0119		0.0516		1
13		328		28600		0.0064		0.0013		1
13		428		28700		0.0095		0.0061		1
13		528		28800		0.0134		0.0030		1
13		628		28900		0.0077		0.0018		1
13		728		29000		0.0110		0.0096		1
13		828		29100		0.0093		0.0064		1
13		928		29200		0.0082		0.0350		1
13		1028		29300		0.0079		0.0074		1
13		1128		29400		0.0095		0.0057		1
13		1228		29500		0.0077		0.0026		1
13		1328		29600		0.0108		0.0035		1
13		1428		29700		0.0077		0.0055		1
13		1528		29800		0.0110		0.0283		1
13		1628		29900		0.0088		0.0021		1
13		1728		30000		0.0087		0.0081		1
13		1828		30100		0.0107		0.0039		1
13		1928		30200		0.0102		0.0041		1
13		2028		30300		0.0074		0.0286		1
13		2128		30400		0.0099		0.0005		1
13		2228		30500		0.0093		0.0037		1
13		2328		30600		0.0110		0.0070		1
14		72		30700		0.0077		0.0009		1
14		172		30800		0.0141		0.0678		1
14		272		30900		0.0113		0.0036		1
14		372		31000		0.0077		0.0167		1
14		472		31100		0.0080		0.0031		1
14		572		31200		0.0157		0.0191		1
14		672		31300		0.0118		0.0033		1
14		772		31400		0.0097		0.0038		1
14		872		31500		0.0073		0.0087		1
14		972		31600		0.0121		0.1264		1
14		1072		31700		0.0114		0.0037		1
14		1172		31800		0.0112		0.0116		1
14		1272		31900		0.0081		0.0020		1
14		1372		32000		0.0099		0.0378		1
14		1472		32100		0.0087		0.0031		1
14		1572		32200		0.0122		0.0181		1
14		1672		32300		0.0065		0.0083		1
14		1772		32400		0.0116		0.0091		1
14		1872		32500		0.0091		0.0106		1
14		1972		32600		0.0075		0.0049		1
14		2072		32700		0.0072		0.0021		1
14		2172		32800		0.0111		0.0037		1
14		2272		32900		0.0061		0.1865		1
15		16		33000		0.0075		0.0020		1
15		116		33100		0.0104		0.0069		1
15		216		33200		0.0120		0.0101		1
15		316		33300		0.0091		0.0251		1
15		416		33400		0.0124		0.1892		1
15		516		33500		0.0073		0.0008		1
15		616		33600		0.0075		0.0010		1
15		716		33700		0.0059		0.0011		1
15		816		33800		0.0150		0.0229		1
15		916		33900		0.0081		0.0012		1
15		1016		34000		0.0105		0.0178		1
15		1116		34100		0.0076		0.0026		1
15		1216		34200		0.0080		0.0010		1
15		1316		34300		0.0099		0.0050		1
15		1416		34400		0.0134		0.0019		1
15		1516		34500		0.0090		0.0019		1
15		1616		34600		0.0109		0.0132		1
15		1716		34700		0.0066		0.0006		1
15		1816		34800		0.0109		0.0014		1
15		1916		34900		0.0091		0.0013		1
15		2016		35000		0.0087		0.0041		1
15		2116		35100		0.0093		0.0071		1
15		2216		35200		0.0086		0.0110		1
15		2316		35300		0.0093		0.0104		1
16		60		35400		0.0070		0.0006		1
16		160		35500		0.0095		0.0164		1
16		260		35600		0.0112		0.0187		1
16		360		35700		0.0107		0.0486		1
16		460		35800		0.0105		0.0074		1
16		560		35900		0.0163		0.0103		1
16		660		36000		0.0073		0.0091		1
16		760		36100		0.0197		0.0591		1
16		860		36200		0.0088		0.0018		1
16		960		36300		0.0104		0.0079		1
16		1060		36400		0.0556		0.0432		1
16		1160		36500		0.0116		0.0015		1
16		1260		36600		0.0108		0.0649		1
16		1360		36700		0.0074		0.0014		1
16		1460		36800		0.0102		0.0007		1
16		1560		36900		0.0075		0.0016		1
16		1660		37000		0.0088		0.0112		1
16		1760		37100		0.0114		0.0011		1
16		1860		37200		0.0102		0.0028		1
16		1960		37300		0.0076		0.0023		1
16		2060		37400		0.0078		0.0378		1
16		2160		37500		0.0114		0.2096		1
16		2260		37600		0.0093		0.0032		1
17		4		37700		0.0095		0.0025		1
17		104		37800		0.0097		0.0134		1
17		204		37900		0.0062		0.0019		1
17		304		38000		0.0074		0.0057		1
17		404		38100		0.0085		0.0024		1
17		504		38200		0.0079		0.0813		1
17		604		38300		0.0095		0.0100		1
17		704		38400		0.0062		0.0064		1
17		804		38500		0.0091		0.0141		1
17		904		38600		0.0091		0.0217		1
17		1004		38700		0.0097		0.0074		1
17		1104		38800		0.0082		0.0167		1
17		1204		38900		0.0132		0.0063		1
17		1304		39000		0.0110		0.0010		1
17		1404		39100		0.0087		0.0154		1
17		1504		39200		0.0122		0.0027		1
17		1604		39300		0.0778		0.0730		1
17		1704		39400		0.0103		0.0145		1
17		1804		39500		0.0106		0.0123		1
17		1904		39600		0.0108		0.0021		1
17		2004		39700		0.0076		0.0429		1
17		2104		39800		0.0071		0.0026		1
17		2204		39900		0.0154		0.0542		1
17		2304		40000		0.0089		0.0489		1
18		48		40100		0.0086		0.0037		1
18		148		40200		0.0102		0.0011		1
18		248		40300		0.0069		0.0006		1
18		348		40400		0.0072		0.0018		1
18		448		40500		0.0072		0.0023		1
18		548		40600		0.0059		0.0015		1
18		648		40700		0.0079		0.0012		1
18		748		40800		0.0080		0.0262		1
18		848		40900		0.0123		0.0050		1
18		948		41000		0.0117		0.0012		1
18		1048		41100		0.0097		0.0046		1
18		1148		41200		0.0057		0.0059		1
18		1248		41300		0.0067		0.0852		1
18		1348		41400		0.0064		0.0013		1
18		1448		41500		0.0074		0.0112		1
18		1548		41600		0.0144		0.0034		1
18		1648		41700		0.0087		0.0068		1
18		1748		41800		0.0095		0.0021		1
18		1848		41900		0.0094		0.0015		1
18		1948		42000		0.0121		0.0113		1
18		2048		42100		0.0057		0.0041		1
18		2148		42200		0.0104		0.0010		1
18		2248		42300		0.0082		0.0007		1
18		2348		42400		0.0065		0.0012		1
19		92		42500		0.0110		0.0053		1
19		192		42600		0.0091		0.0028		1
19		292		42700		0.0089		0.0019		1
19		392		42800		0.0067		0.0011		1
19		492		42900		0.0065		0.0011		1
19		592		43000		0.0101		0.0025		1
19		692		43100		0.0088		0.0124		1
19		792		43200		0.0079		0.0011		1
19		892		43300		0.0078		0.0062		1
19		992		43400		0.0062		0.0111		1
19		1092		43500		0.0081		0.0201		1
19		1192		43600		0.0088		0.0008		1
19		1292		43700		0.0081		0.0025		1
19		1392		43800		0.0077		0.0025		1
19		1492		43900		0.0070		0.0090		1
19		1592		44000		0.0042		0.0009		1
19		1692		44100		0.0099		0.0039		1
19		1792		44200		0.0060		0.0024		1
19		1892		44300		0.0085		0.0017		1
19		1992		44400		0.0081		0.0352		1
19		2092		44500		0.0130		0.0408		1
19		2192		44600		0.0121		0.0023		1
19		2292		44700		0.0102		0.0073		1
20		36		44800		0.0089		0.0018		1
20		136		44900		0.0064		0.0084		1
20		236		45000		0.0055		0.0005		1
20		336		45100		0.0093		0.0027		1
20		436		45200		0.0099		0.0048		1
20		536		45300		0.0094		0.0302		1
20		636		45400		0.0322		0.1570		1
20		736		45500		0.0152		0.0114		1
20		836		45600		0.0093		0.0148		1
20		936		45700		0.0104		0.0013		1
20		1036		45800		0.0097		0.0013		1
20		1136		45900		0.0071		0.0118		1
20		1236		46000		0.0329		0.0089		1
20		1336		46100		0.0114		0.0056		1
20		1436		46200		0.0076		0.0382		1
20		1536		46300		0.0113		0.0191		1
20		1636		46400		0.0093		0.0005		1
20		1736		46500		0.0090		0.0083		1
20		1836		46600		0.0069		0.0032		1
20		1936		46700		0.0097		0.0178		1
20		2036		46800		0.0136		0.0084		1
20		2136		46900		0.0078		0.0100		1
20		2236		47000		0.0115		0.0442		1
20		2336		47100		0.0073		0.0187		1
21		80		47200		0.0093		0.0179		1
21		180		47300		0.0070		0.0012		1
21		280		47400		0.0090		0.0014		1
21		380		47500		0.0120		0.0008		1
21		480		47600		0.0073		0.0003		1
21		580		47700		0.0077		0.0135		1
21		680		47800		0.0068		0.0197		1
21		780		47900		0.0098		0.0020		1
21		880		48000		0.0079		0.0128		1
21		980		48100		0.0083		0.0135		1
21		1080		48200		0.0108		0.0036		1
21		1180		48300		0.0091		0.0180		1
21		1280		48400		0.0050		0.0008		1
21		1380		48500		0.0096		0.0305		1
21		1480		48600		0.0083		0.0025		1
21		1580		48700		0.0056		0.0015		1
21		1680		48800		0.0063		0.0041		1
21		1780		48900		0.0130		0.0045		1
21		1880		49000		0.0117		0.0025		1
21		1980		49100		0.0058		0.0265		1
21		2080		49200		0.0063		0.0004		1
21		2180		49300		0.0079		0.0096		1
21		2280		49400		0.0072		0.0036		1
22		24		49500		0.0089		0.0200		1
22		124		49600		0.0072		0.0112		1
22		224		49700		0.0069		0.0175		1
22		324		49800		0.0095		0.0007		1
22		424		49900		0.0064		0.0017		1
22		524		50000		0.0049		0.0007		1
22		624		50100		0.0069		0.0022		1
22		724		50200		0.0057		0.0009		1
22		824		50300		0.0076		0.0049		1
22		924		50400		0.0093		0.0271		1
22		1024		50500		0.0086		0.0042		1
22		1124		50600		0.0135		0.0359		1
22		1224		50700		0.0144		0.0040		1
22		1324		50800		0.0420		0.0657		1
22		1424		50900		0.0096		0.0035		1
22		1524		51000		0.0089		0.0017		1
22		1624		51100		0.0072		0.0019		1
22		1724		51200		0.0103		0.0351		1
22		1824		51300		0.0125		0.0033		1
22		1924		51400		0.0110		0.0010		1
22		2024		51500		0.0070		0.0007		1
22		2124		51600		0.0091		0.0031		1
22		2224		51700		0.0082		0.0005		1
22		2324		51800		0.0108		0.0537		1
23		68		51900		0.0084		0.0009		1
23		168		52000		0.0104		0.0211		1
23		268		52100		0.0071		0.0054		1
23		368		52200		0.0066		0.0010		1
23		468		52300		0.0088		0.0023		1
23		568		52400		0.0060		0.0130		1
23		668		52500		0.0078		0.0010		1
23		768		52600		0.0081		0.0015		1
23		868		52700		0.0078		0.0043		1
23		968		52800		0.0069		0.0005		1
23		1068		52900		0.0063		0.0005		1
23		1168		53000		0.0064		0.0015		1
23		1268		53100		0.0065		0.0019		1
23		1368		53200		0.0110		0.0020		1
23		1468		53300		0.0116		0.0055		1
23		1568		53400		0.0076		0.0025		1
23		1668		53500		0.0061		0.0018		1
23		1768		53600		0.0086		0.0149		1
23		1868		53700		0.0115		0.0306		1
23		1968		53800		0.0101		0.0013		1
23		2068		53900		0.0086		0.0045		1
23		2168		54000		0.0090		0.0015		1
23		2268		54100		0.0071		0.0028		1
24		12		54200		0.0109		0.0283		1
24		112		54300		0.0059		0.0031		1
24		212		54400		0.0086		0.0018		1
24		312		54500		0.0080		0.0011		1
24		412		54600		0.0086		0.0007		1
24		512		54700		0.0050		0.0013		1
24		612		54800		0.0090		0.0075		1
24		712		54900		0.0082		0.0194		1
24		812		55000		0.0052		0.0008		1
24		912		55100		0.0078		0.0006		1
24		1012		55200		0.0083		0.0063		1
24		1112		55300		0.0069		0.0071		1
24		1212		55400		0.0086		0.0008		1
24		1312		55500		0.0091		0.0009		1
24		1412		55600		0.0065		0.0038		1
24		1512		55700		0.0096		0.0012		1
24		1612		55800		0.0074		0.0029		1
24		1712		55900		0.0150		0.0022		1
24		1812		56000		0.0138		0.0272		1
24		1912		56100		0.0116		0.0043		1
24		2012		56200		0.0150		0.0025		1
24		2112		56300		0.0077		0.0073		1
24		2212		56400		0.0081		0.0021		1
24		2312		56500		0.0083		0.0007		1
25		56		56600		0.0111		0.0024		1
25		156		56700		0.0105		0.0182		1
25		256		56800		0.0079		0.0004		1
25		356		56900		0.0077		0.0018		1
25		456		57000		0.0066		0.0158		1
25		556		57100		0.0114		0.0128		1
25		656		57200		0.0087		0.0017		1
25		756		57300		0.0053		0.0088		1
25		856		57400		0.0094		0.1104		1
25		956		57500		0.0063		0.0021		1
25		1056		57600		0.0090		0.0058		1
25		1156		57700		0.0089		0.0019		1
25		1256		57800		0.0079		0.0009		1
25		1356		57900		0.0111		0.0011		1
25		1456		58000		0.0084		0.0046		1
25		1556		58100		0.0070		0.0069		1
25		1656		58200		0.0121		0.0026		1
25		1756		58300		0.0190		0.0316		1
25		1856		58400		0.0093		0.0015		1
25		1956		58500		0.0097		0.0015		1
25		2056		58600		0.0065		0.0252		1
25		2156		58700		0.0094		0.0011		1
25		2256		58800		0.0088		0.0020		1
25		2356		58900		0.0059		0.0038		1
26		100		59000		0.0222		0.0099		1
26		200		59100		0.0074		0.0015		1
26		300		59200		0.0069		0.0015		1
26		400		59300		0.0107		0.0052		1
26		500		59400		0.0073		0.0011		1
26		600		59500		0.0098		0.0013		1
26		700		59600		0.0069		0.0013		1
26		800		59700		0.0073		0.0088		1
26		900		59800		0.0084		0.0014		1
26		1000		59900		0.0086		0.0005		1
26		1100		60000		0.0075		0.0015		1
26		1200		60100		0.0099		0.0008		1
26		1300		60200		0.0074		0.0018		1
26		1400		60300		0.0095		0.0371		1
26		1500		60400		0.0083		0.0054		1
26		1600		60500		0.0162		0.0137		1
26		1700		60600		0.0086		0.0061		1
26		1800		60700		0.0085		0.0008		1
26		1900		60800		0.0078		0.0039		1
26		2000		60900		0.0138		0.0437		1
26		2100		61000		0.0066		0.0032		1
26		2200		61100		0.0123		0.0026		1
26		2300		61200		0.0070		0.0052		1
27		44		61300		0.0061		0.0026		1
27		144		61400		0.0066		0.0019		1
27		244		61500		0.0101		0.0323		1
27		344		61600		0.0083		0.0008		1
27		444		61700		0.0062		0.0032		1
27		544		61800		0.0064		0.0537		1
27		644		61900		0.0050		0.0019		1
27		744		62000		0.0073		0.0064		1
27		844		62100		0.0083		0.0123		1
27		944		62200		0.0111		0.0006		1
27		1044		62300		0.0067		0.0015		1
27		1144		62400		0.0111		0.1044		1
27		1244		62500		0.0078		0.0279		1
27		1344		62600		0.0079		0.0043		1
27		1444		62700		0.0070		0.0114		1
27		1544		62800		0.0062		0.0020		1
27		1644		62900		0.0060		0.0143		1
27		1744		63000		0.0101		0.0061		1
27		1844		63100		0.0062		0.0011		1
27		1944		63200		0.0080		0.0018		1
27		2044		63300		0.0065		0.0032		1
27		2144		63400		0.0092		0.0015		1
27		2244		63500		0.0099		0.0027		1
27		2344		63600		0.0071		0.0083		1
28		88		63700		0.0058		0.0025		1
28		188		63800		0.0061		0.0150		1
28		288		63900		0.0078		0.0023		1
28		388		64000		0.0095		0.0011		1
28		488		64100		0.0060		0.0019		1
28		588		64200		0.0112		0.0011		1
28		688		64300		0.0078		0.0137		1
28		788		64400		0.0055		0.0029		1
28		888		64500		0.0091		0.0327		1
28		988		64600		0.0084		0.0019		1
28		1088		64700		0.0106		0.0018		1
28		1188		64800		0.0067		0.0053		1
28		1288		64900		0.0069		0.0018		1
28		1388		65000		0.0063		0.0015		1
28		1488		65100		0.0077		0.0048		1
28		1588		65200		0.0067		0.0010		1
28		1688		65300		0.0084		0.0079		1
28		1788		65400		0.0075		0.0014		1
28		1888		65500		0.0068		0.0016		1
28		1988		65600		0.0073		0.0008		1
28		2088		65700		0.0126		0.0036		1
28		2188		65800		0.0055		0.0057		1
28		2288		65900		0.0052		0.0153		1
29		32		66000		0.0078		0.0597		1
29		132		66100		0.0077		0.0013		1
29		232		66200		0.0065		0.0110		1
29		332		66300		0.0100		0.0019		1
29		432		66400		0.0109		0.0063		1
29		532		66500		0.0044		0.0182		1
29		632		66600		0.0073		0.0006		1
29		732		66700		0.0046		0.0008		1
29		832		66800		0.0074		0.0020		1
29		932		66900		0.0084		0.0152		1
29		1032		67000		0.0093		0.0043		1
29		1132		67100		0.0066		0.0009		1
29		1232		67200		0.0080		0.1042		1
29		1332		67300		0.0072		0.0080		1
29		1432		67400		0.0070		0.0192		1
29		1532		67500		0.0123		0.0016		1
29		1632		67600		0.0065		0.0021		1
29		1732		67700		0.0080		0.0027		1
29		1832		67800		0.0082		0.0036		1
29		1932		67900		0.0094		0.0034		1
29		2032		68000		0.0092		0.0017		1
29		2132		68100		0.0067		0.0419		1
29		2232		68200		0.0087		0.0040		1
29		2332		68300		0.0056		0.0270		1
30		76		68400		0.0050		0.0128		1
30		176		68500		0.0090		0.0021		1
30		276		68600		0.0061		0.0011		1
30		376		68700		0.0050		0.0573		1
30		476		68800		0.0178		0.0015		1
30		576		68900		0.0094		0.0075		1
30		676		69000		0.0078		0.0014		1
30		776		69100		0.0075		0.0009		1
30		876		69200		0.0064		0.0036		1
30		976		69300		0.0046		0.0038		1
30		1076		69400		0.0088		0.0064		1
30		1176		69500		0.0120		0.0024		1
30		1276		69600		0.0111		0.0037		1
30		1376		69700		0.0058		0.0124		1
30		1476		69800		0.0093		0.0013		1
30		1576		69900		0.0087		0.0060		1
30		1676		70000		0.0086		0.0080		1
30		1776		70100		0.0067		0.0087		1
30		1876		70200		0.0102		0.0023		1
30		1976		70300		0.0125		0.0011		1
30		2076		70400		0.0083		0.0015		1
30		2176		70500		0.0068		0.0053		1
30		2276		70600		0.0101		0.0451		1
31		20		70700		0.0109		0.0143		1
31		120		70800		0.0115		0.0008		1
31		220		70900		0.0135		0.0196		1
31		320		71000		0.0080		0.0008		1
31		420		71100		0.0101		0.0049		1
31		520		71200		0.0280		0.0053		1
31		620		71300		0.0101		0.0022		1
31		720		71400		0.0092		0.0236		1
31		820		71500		0.0144		0.0006		1
31		920		71600		0.0087		0.0213		1
31		1020		71700		0.0064		0.0027		1
31		1120		71800		0.0064		0.0019		1
31		1220		71900		0.0104		0.0051		1
31		1320		72000		0.0103		0.0059		1
31		1420		72100		0.0070		0.0013		1
31		1520		72200		0.0071		0.0309		1
31		1620		72300		0.0123		0.0193		1
31		1720		72400		0.0122		0.2269		1
31		1820		72500		0.0074		0.0047		1
31		1920		72600		0.0121		0.0026		1
31		2020		72700		0.0061		0.0006		1
31		2120		72800		0.0088		0.0039		1
31		2220		72900		0.0071		0.0007		1
31		2320		73000		0.0078		0.0025		1
32		64		73100		0.0104		0.0031		1
32		164		73200		0.0098		0.0011		1
32		264		73300		0.0132		0.0064		1
32		364		73400		0.0066		0.0014		1
32		464		73500		0.0080		0.0008		1
32		564		73600		0.0050		0.0005		1
32		664		73700		0.0073		0.0017		1
32		764		73800		0.0107		0.0385		1
32		864		73900		0.0150		0.0137		1
32		964		74000		0.0076		0.0090		1
32		1064		74100		0.0097		0.0222		1
32		1164		74200		0.0134		0.0017		1
32		1264		74300		0.0075		0.0151		1
32		1364		74400		0.0049		0.0216		1
32		1464		74500		0.0094		0.0036		1
32		1564		74600		0.0080		0.0007		1
32		1664		74700		0.0074		0.0007		1
32		1764		74800		0.0105		0.0240		1
32		1864		74900		0.0071		0.0011		1
32		1964		75000		0.0071		0.0127		1
32		2064		75100		0.0066		0.0023		1
32		2164		75200		0.0077		0.0045		1
32		2264		75300		0.0066		0.0100		1
33		8		75400		0.0059		0.0136		1
33		108		75500		0.0080		0.0011		1
33		208		75600		0.0057		0.0025		1
33		308		75700		0.0061		0.0016		1
33		408		75800		0.0064		0.0148		1
33		508		75900		0.0077		0.0031		1
33		608		76000		0.0052		0.0027		1
33		708		76100		0.0066		0.0004		1
33		808		76200		0.0126		0.0051		1
33		908		76300		0.0070		0.0020		1
33		1008		76400		0.0149		0.0541		1
33		1108		76500		0.0094		0.0009		1
33		1208		76600		0.0050		0.0010		1
33		1308		76700		0.0087		0.0010		1
33		1408		76800		0.0075		0.0009		1
33		1508		76900		0.0058		0.0026		1
33		1608		77000		0.0061		0.0037		1
33		1708		77100		0.0076		0.0013		1
33		1808		77200		0.0077		0.0016		1
33		1908		77300		0.0053		0.0008		1
33		2008		77400		0.0089		0.0012		1
33		2108		77500		0.0060		0.0007		1
33		2208		77600		0.0047		0.0025		1
33		2308		77700		0.0062		0.0004		1
34		52		77800		0.0101		0.0006		1
34		152		77900		0.0083		0.0005		1
34		252		78000		0.0068		0.0003		1
34		352		78100		0.0057		0.0010		1
34		452		78200		0.0107		0.0013		1
34		552		78300		0.0062		0.0013		1
34		652		78400		0.0058		0.0037		1
34		752		78500		0.0093		0.0013		1
34		852		78600		0.0085		0.0008		1
34		952		78700		0.0055		0.0010		1
34		1052		78800		0.0083		0.0009		1
34		1152		78900		0.0054		0.0002		1
34		1252		79000		0.0125		0.0012		1
34		1352		79100		0.0074		0.0014		1
34		1452		79200		0.0088		0.0008		1
34		1552		79300		0.0135		0.0008		1
34		1652		79400		0.0079		0.0257		1
34		1752		79500		0.0084		0.0212		1
34		1852		79600		0.0086		0.0010		1
34		1952		79700		0.0079		0.0163		1
34		2052		79800		0.0105		0.0083		1
34		2152		79900		0.0055		0.0833		1
34		2252		80000		0.0057		0.0008		1
34		2352		80100		0.0058		0.0015		1
35		96		80200		0.0056		0.0016		1
35		196		80300		0.0068		0.0023		1
35		296		80400		0.0063		0.0082		1
35		396		80500		0.0086		0.0007		1
35		496		80600		0.0076		0.0060		1
35		596		80700		0.0067		0.0011		1
35		696		80800		0.0077		0.0020		1
35		796		80900		0.0099		0.0034		1
35		896		81000		0.0069		0.0010		1
35		996		81100		0.0222		0.0221		1
35		1096		81200		0.0074		0.0026		1
35		1196		81300		0.0149		0.0022		1
35		1296		81400		0.0064		0.0008		1
35		1396		81500		0.0091		0.0476		1
35		1496		81600		0.0061		0.0006		1
35		1596		81700		0.0107		0.0004		1
35		1696		81800		0.0132		0.0055		1
35		1796		81900		0.0077		0.0008		1
35		1896		82000		0.0133		0.0027		1
35		1996		82100		0.0080		0.0011		1
35		2096		82200		0.0084		0.0013		1
35		2196		82300		0.0237		0.0099		1
35		2296		82400		0.0048		0.0049		1
36		40		82500		0.0136		0.0057		1
36		140		82600		0.0239		0.0037		1
36		240		82700		0.0057		0.0021		1
36		340		82800		0.0076		0.0017		1
36		440		82900		0.0076		0.0079		1
36		540		83000		0.0075		0.0039		1
36		640		83100		0.0094		0.0052		1
36		740		83200		0.0066		0.0014		1
36		840		83300		0.0084		0.0454		1
36		940		83400		0.0096		0.0037		1
36		1040		83500		0.0067		0.0034		1
36		1140		83600		0.0087		0.0011		1
36		1240		83700		0.0063		0.0003		1
36		1340		83800		0.0076		0.0321		1
36		1440		83900		0.0156		0.0011		1
36		1540		84000		0.0066		0.0005		1
36		1640		84100		0.0064		0.0014		1
36		1740		84200		0.0053		0.0013		1
36		1840		84300		0.0069		0.0015		1
36		1940		84400		0.0063		0.0006		1
36		2040		84500		0.0075		0.0280		1
36		2140		84600		0.0058		0.0005		1
36		2240		84700		0.0059		0.0005		1
36		2340		84800		0.0049		0.0144		1
37		84		84900		0.0113		0.0121		1
37		184		85000		0.0065		0.0424		1
37		284		85100		0.0068		0.0054		1
37		384		85200		0.0052		0.0141		1
37		484		85300		0.0099		0.0006		1
37		584		85400		0.0082		0.0011		1
37		684		85500		0.0087		0.0956		1
37		784		85600		0.0124		0.0370		1
37		884		85700		0.0074		0.0022		1
37		984		85800		0.0161		0.0025		1
37		1084		85900		0.0058		0.0014		1
37		1184		86000		0.0055		0.0005		1
37		1284		86100		0.0077		0.0005		1
37		1384		86200		0.0088		0.0046		1
37		1484		86300		0.0049		0.0003		1
37		1584		86400		0.0079		0.0005		1
37		1684		86500		0.0065		0.0054		1
37		1784		86600		0.0067		0.0018		1
37		1884		86700		0.0062		0.1665		1
37		1984		86800		0.0110		0.0135		1
37		2084		86900		0.0084		0.0009		1
37		2184		87000		0.0069		0.0085		1
37		2284		87100		0.0074		0.0004		1
38		28		87200		0.0069		0.0015		1
38		128		87300		0.0049		0.0028		1
38		228		87400		0.0082		0.0057		1
38		328		87500		0.0066		0.0157		1
38		428		87600		0.0053		0.0026		1
38		528		87700		0.0073		0.0006		1
38		628		87800		0.0064		0.0003		1
38		728		87900		0.0055		0.0029		1
38		828		88000		0.0060		0.0027		1
38		928		88100		0.0060		0.0042		1
38		1028		88200		0.0070		0.0013		1
38		1128		88300		0.0050		0.0012		1
38		1228		88400		0.0056		0.0008		1
38		1328		88500		0.0095		0.0092		1
38		1428		88600		0.0097		0.0144		1
38		1528		88700		0.0059		0.0010		1
38		1628		88800		0.0096		0.0064		1
38		1728		88900		0.0466		0.2010		1
38		1828		89000		0.0067		0.0003		1
38		1928		89100		0.0100		0.0777		1
38		2028		89200		0.0105		0.0177		1
38		2128		89300		0.0147		0.0061		1
38		2228		89400		0.0070		0.0015		1
38		2328		89500		0.0076		0.0020		1
39		72		89600		0.0063		0.0009		1
39		172		89700		0.0078		0.0338		1
39		272		89800		0.0069		0.0040		1
39		372		89900		0.0067		0.0103		1
39		472		90000		0.0110		0.0007		1
39		572		90100		0.0049		0.0007		1
39		672		90200		0.0077		0.0038		1
39		772		90300		0.0061		0.0029		1
39		872		90400		0.0096		0.0021		1
39		972		90500		0.0061		0.0007		1
39		1072		90600		0.0105		0.0131		1
39		1172		90700		0.0050		0.0010		1
39		1272		90800		0.0084		0.0005		1
39		1372		90900		0.0084		0.0025		1
39		1472		91000		0.0080		0.0011		1
39		1572		91100		0.0082		0.0003		1
39		1672		91200		0.0051		0.0007		1
39		1772		91300		0.0101		0.0410		1
39		1872		91400		0.0075		0.0012		1
39		1972		91500		0.0072		0.0004		1
39		2072		91600		0.0077		0.0007		1
39		2172		91700		0.0062		0.0028		1
39		2272		91800		0.0062		0.0035		1
40		16		91900		0.0075		0.0054		1
40		116		92000		0.0075		0.0015		1
40		216		92100		0.0087		0.0032		1
40		316		92200		0.0054		0.0031		1
40		416		92300		0.0055		0.0006		1
40		516		92400		0.0077		0.0011		1
40		616		92500		0.0051		0.0004		1
40		716		92600		0.0057		0.0122		1
40		816		92700		0.0091		0.0054		1
40		916		92800		0.0053		0.0161		1
40		1016		92900		0.0098		0.0028		1
40		1116		93000		0.0076		0.0034		1
40		1216		93100		0.0066		0.0006		1
40		1316		93200		0.0085		0.0340		1
40		1416		93300		0.0087		0.0014		1
40		1516		93400		0.0053		0.0009		1
40		1616		93500		0.0054		0.0109		1
40		1716		93600		0.0046		0.0040		1
40		1816		93700		0.0051		0.0010		1
40		1916		93800		0.0051		0.0015		1
40		2016		93900		0.0065		0.0084		1
40		2116		94000		0.0075		0.0008		1
40		2216		94100		0.0040		0.0023		1
40		2316		94200		0.0042		0.0082		1
41		60		94300		0.0062		0.0051		1
41		160		94400		0.0087		0.0011		1
41		260		94500		0.0075		0.0098		1
41		360		94600		0.0065		0.0006		1
41		460		94700		0.0071		0.0092		1
41		560		94800		0.0078		0.0077		1
41		660		94900		0.0058		0.0010		1
41		760		95000		0.0055		0.0013		1
41		860		95100		0.0059		0.0006		1
41		960		95200		0.0079		0.0013		1
41		1060		95300		0.0060		0.0028		1
41		1160		95400		0.0084		0.0709		1
41		1260		95500		0.0090		0.0035		1
41		1360		95600		0.0060		0.0008		1
41		1460		95700		0.0120		0.0008		1
41		1560		95800		0.0084		0.0019		1
41		1660		95900		0.0109		0.0172		1
41		1760		96000		0.0048		0.0013		1
41		1860		96100		0.0078		0.0007		1
41		1960		96200		0.0086		0.0012		1
41		2060		96300		0.0093		0.0059		1
41		2160		96400		0.0088		0.0031		1
41		2260		96500		0.0070		0.0010		1
42		4		96600		0.0058		0.0087		1
42		104		96700		0.0070		0.0010		1
42		204		96800		0.0058		0.0851		1
42		304		96900		0.0067		0.0166		1
42		404		97000		0.0173		0.0222		1
42		504		97100		0.0067		0.0019		1
42		604		97200		0.0082		0.0212		1
42		704		97300		0.0081		0.0005		1
42		804		97400		0.0082		0.0017		1
42		904		97500		0.0075		0.0016		1
42		1004		97600		0.0064		0.0023		1
42		1104		97700		0.0132		0.0020		1
42		1204		97800		0.0062		0.0007		1
42		1304		97900		0.0051		0.0006		1
42		1404		98000		0.0068		0.0486		1
42		1504		98100		0.0113		0.0022		1
42		1604		98200		0.0074		0.0022		1
42		1704		98300		0.0067		0.0008		1
42		1804		98400		0.0088		0.0020		1
42		1904		98500		0.0087		0.0004		1
42		2004		98600		0.0101		0.0011		1
42		2104		98700		0.0068		0.0173		1
42		2204		98800		0.0076		0.0049		1
42		2304		98900		0.0533		0.1913		1
43		48		99000		0.0094		0.0014		1
43		148		99100		0.0081		0.0023		1
43		248		99200		0.0063		0.0018		1
43		348		99300		0.0063		0.0009		1
43		448		99400		0.0098		0.0137		1
43		548		99500		0.0075		0.0175		1
43		648		99600		0.0099		0.0111		1
43		748		99700		0.0071		0.0006		1
43		848		99800		0.0058		0.0010		1
43		948		99900		0.0085		0.0016		1
43		1048		100000		0.0054		0.0006		1
43		1148		100100		0.0041		0.0012		1
43		1248		100200		0.0060		0.0015		1
43		1348		100300		0.0075		0.0051		1
43		1448		100400		0.0046		0.0059		1
43		1548		100500		0.0094		0.0017		1
43		1648		100600		0.0064		0.0005		1
43		1748		100700		0.0051		0.0011		1
43		1848		100800		0.0089		0.0015		1
43		1948		100900		0.0073		0.0021		1
43		2048		101000		0.0067		0.0022		1
43		2148		101100		0.0080		0.0022		1
43		2248		101200		0.0080		0.0017		1
43		2348		101300		0.0054		0.0015		1
44		92		101400		0.0057		0.0008		1
44		192		101500		0.0082		0.0007		1
44		292		101600		0.0095		0.0020		1
44		392		101700		0.0067		0.0028		1
44		492		101800		0.0068		0.0011		1
44		592		101900		0.0065		0.0011		1
44		692		102000		0.0077		0.0013		1
44		792		102100		0.0062		0.0008		1
44		892		102200		0.0058		0.0015		1
44		992		102300		0.0052		0.0026		1
44		1092		102400		0.0076		0.0007		1
44		1192		102500		0.0056		0.0003		1
44		1292		102600		0.0066		0.0008		1
44		1392		102700		0.0067		0.0017		1
44		1492		102800		0.0102		0.0030		1
44		1592		102900		0.0055		0.0007		1
44		1692		103000		0.0065		0.0008		1
44		1792		103100		0.0080		0.0008		1
44		1892		103200		0.0062		0.0009		1
44		1992		103300		0.0070		0.0008		1
44		2092		103400		0.0065		0.0011		1
44		2192		103500		0.0064		0.0214		1
44		2292		103600		0.0139		0.0088		1
45		36		103700		0.0058		0.0030		1
45		136		103800		0.0068		0.0017		1
45		236		103900		0.0051		0.0014		1
45		336		104000		0.0058		0.0022		1
45		436		104100		0.0076		0.0015		1
45		536		104200		0.0064		0.0031		1
45		636		104300		0.0072		0.0015		1
45		736		104400		0.0063		0.0005		1
45		836		104500		0.0048		0.0005		1
45		936		104600		0.0073		0.0010		1
45		1036		104700		0.0078		0.0026		1
45		1136		104800		0.0048		0.0041		1
45		1236		104900		0.0066		0.0008		1
45		1336		105000		0.0152		0.0085		1
45		1436		105100		0.0073		0.0206		1
45		1536		105200		0.0057		0.0010		1
45		1636		105300		0.0090		0.0104		1
45		1736		105400		0.0089		0.0062		1
45		1836		105500		0.0067		0.0049		1
45		1936		105600		0.0066		0.0018		1
45		2036		105700		0.0075		0.0010		1
45		2136		105800		0.0081		0.0008		1
45		2236		105900		0.0078		0.0003		1
45		2336		106000		0.0063		0.0190		1
46		80		106100		0.0080		0.0013		1
46		180		106200		0.0066		0.0005		1
46		280		106300		0.0042		0.0006		1
46		380		106400		0.0050		0.0011		1
46		480		106500		0.0073		0.0039		1
46		580		106600		0.0094		0.0011		1
46		680		106700		0.0090		0.0006		1
46		780		106800		0.0056		0.0025		1
46		880		106900		0.0054		0.0004		1
46		980		107000		0.0096		0.0008		1
46		1080		107100		0.0076		0.0029		1
46		1180		107200		0.0087		0.0013		1
46		1280		107300		0.0081		0.0005		1
46		1380		107400		0.0065		0.0011		1
46		1480		107500		0.0093		0.0222		1
46		1580		107600		0.0047		0.0007		1
46		1680		107700		0.0046		0.0097		1
46		1780		107800		0.0073		0.0021		1
46		1880		107900		0.0059		0.0026		1
46		1980		108000		0.0069		0.0010		1
46		2080		108100		0.0071		0.0022		1
46		2180		108200		0.0077		0.0498		1
46		2280		108300		0.0082		0.0901		1
47		24		108400		0.0083		0.0078		1
47		124		108500		0.0052		0.0173		1
47		224		108600		0.0090		0.0199		1
47		324		108700		0.0088		0.0061		1
47		424		108800		0.0056		0.0007		1
47		524		108900		0.0057		0.0011		1
47		624		109000		0.0072		0.0009		1
47		724		109100		0.0060		0.0013		1
47		824		109200		0.0079		0.0003		1
47		924		109300		0.0060		0.0091		1
47		1024		109400		0.0065		0.0008		1
47		1124		109500		0.0077		0.0004		1
47		1224		109600		0.0049		0.0006		1
47		1324		109700		0.0092		0.0398		1
47		1424		109800		0.0125		0.0440		1
47		1524		109900		0.0043		0.0006		1
47		1624		110000		0.0064		0.0008		1
47		1724		110100		0.0053		0.0008		1
47		1824		110200		0.0053		0.0005		1
47		1924		110300		0.0069		0.0005		1
47		2024		110400		0.0064		0.0022		1
47		2124		110500		0.0067		0.0014		1
47		2224		110600		0.0280		0.0043		1
47		2324		110700		0.0109		0.0162		1
48		68		110800		0.0063		0.0015		1
48		168		110900		0.0082		0.0051		1
48		268		111000		0.0055		0.0007		1
48		368		111100		0.0040		0.0005		1
48		468		111200		0.0076		0.0012		1
48		568		111300		0.0073		0.0004		1
48		668		111400		0.0050		0.0017		1
48		768		111500		0.0045		0.0018		1
48		868		111600		0.0084		0.0087		1
48		968		111700		0.0046		0.0004		1
48		1068		111800		0.0119		0.0201		1
48		1168		111900		0.0063		0.0020		1
48		1268		112000		0.0070		0.0181		1
48		1368		112100		0.0048		0.0007		1
48		1468		112200		0.0089		0.0179		1
48		1568		112300		0.0045		0.0049		1
48		1668		112400		0.0077		0.0017		1
48		1768		112500		0.0059		0.0012		1
48		1868		112600		0.0085		0.0259		1
48		1968		112700		0.0063		0.0009		1
48		2068		112800		0.0078		0.0016		1
48		2168		112900		0.0063		0.0019		1
48		2268		113000		0.0059		0.0007		1
49		12		113100		0.0080		0.0015		1
49		112		113200		0.0051		0.0011		1
49		212		113300		0.0069		0.0019		1
49		312		113400		0.0057		0.0007		1
49		412		113500		0.0081		0.0027		1
49		512		113600		0.0052		0.0009		1
49		612		113700		0.0054		0.0006		1
49		712		113800		0.0065		0.0005		1
49		812		113900		0.0062		0.0051		1
49		912		114000		0.0064		0.0059		1
49		1012		114100		0.0058		0.0013		1
49		1112		114200		0.0076		0.0020		1
49		1212		114300		0.0069		0.0006		1
49		1312		114400		0.0068		0.0096		1
49		1412		114500		0.0047		0.0004		1
49		1512		114600		0.0074		0.0566		1
49		1612		114700		0.0069		0.0008		1
49		1712		114800		0.0039		0.0005		1
49		1812		114900		0.0069		0.0008		1
49		1912		115000		0.0055		0.0290		1
49		2012		115100		0.0073		0.0381		1
49		2112		115200		0.0086		0.0054		1
49		2212		115300		0.0054		0.0086		1
49		2312		115400		0.0040		0.0013		1
50		56		115500		0.0078		0.0010		1
50		156		115600		0.0064		0.0006		1
50		256		115700		0.0052		0.0002		1
50		356		115800		0.0066		0.0012		1
50		456		115900		0.0051		0.0086		1
50		556		116000		0.0079		0.0005		1
50		656		116100		0.0038		0.0009		1
50		756		116200		0.0049		0.0006		1
50		856		116300		0.0060		0.0027		1
50		956		116400		0.0065		0.0007		1
50		1056		116500		0.0089		0.0004		1
50		1156		116600		0.0056		0.0067		1
50		1256		116700		0.0067		0.0017		1
50		1356		116800		0.0061		0.0057		1
50		1456		116900		0.0048		0.0007		1
50		1556		117000		0.0075		0.0006		1
50		1656		117100		0.0050		0.0006		1
50		1756		117200		0.0071		0.0004		1
50		1856		117300		0.0080		0.0023		1
50		1956		117400		0.0080		0.0025		1
50		2056		117500		0.0061		0.0132		1
50		2156		117600		0.0064		0.0008		1
50		2256		117700		0.0089		0.0154		1
50		2356		117800		0.0064		0.0009		1
51		100		117900		0.0081		0.0009		1
51		200		118000		0.0048		0.0027		1
51		300		118100		0.0063		0.0042		1
51		400		118200		0.0080		0.0008		1
51		500		118300		0.0075		0.0063		1
51		600		118400		0.0037		0.0011		1
51		700		118500		0.0072		0.0130		1
51		800		118600		0.0072		0.0032		1
51		900		118700		0.0079		0.0047		1
51		1000		118800		0.0115		0.0014		1
51		1100		118900		0.0088		0.0031		1
51		1200		119000		0.0067		0.0063		1
51		1300		119100		0.0075		0.1250		1
51		1400		119200		0.0061		0.0076		1
51		1500		119300		0.0043		0.0009		1
51		1600		119400		0.0112		0.0040		1
51		1700		119500		0.0054		0.0005		1
51		1800		119600		0.0056		0.0005		1
51		1900		119700		0.0058		0.0004		1
51		2000		119800		0.0068		0.0092		1
51		2100		119900		0.0058		0.0007		1
51		2200		120000		0.0064		0.0054		1
51		2300		120100		0.0049		0.0012		1
52		44		120200		0.0046		0.0006		1
52		144		120300		0.0064		0.0068		1
52		244		120400		0.0078		0.0003		1
52		344		120500		0.0054		0.0005		1
52		444		120600		0.0061		0.0042		1
52		544		120700		0.0040		0.0006		1
52		644		120800		0.0041		0.0005		1
52		744		120900		0.0044		0.0002		1
52		844		121000		0.0051		0.0015		1
52		944		121100		0.0077		0.0014		1
52		1044		121200		0.0102		0.0070		1
52		1144		121300		0.0101		0.0054		1
52		1244		121400		0.0071		0.0013		1
52		1344		121500		0.0051		0.0027		1
52		1444		121600		0.0051		0.0069		1
52		1544		121700		0.0071		0.0085		1
52		1644		121800		0.0062		0.0008		1
52		1744		121900		0.0066		0.0010		1
52		1844		122000		0.0069		0.0006		1
52		1944		122100		0.0067		0.0200		1
52		2044		122200		0.0057		0.0284		1
52		2144		122300		0.0068		0.0010		1
52		2244		122400		0.0077		0.0004		1
52		2344		122500		0.0094		0.0014		1
53		88		122600		0.0048		0.0004		1
53		188		122700		0.0064		0.0009		1
53		288		122800		0.0065		0.0016		1
53		388		122900		0.0055		0.0005		1
53		488		123000		0.0080		0.0040		1
53		588		123100		0.0062		0.0005		1
53		688		123200		0.0060		0.0016		1
53		788		123300		0.0074		0.0007		1
53		888		123400		0.0072		0.0008		1
53		988		123500		0.0105		0.0017		1
53		1088		123600		0.0134		0.0060		1
53		1188		123700		0.0075		0.0033		1
53		1288		123800		0.0043		0.0005		1
53		1388		123900		0.0111		0.0077		1
53		1488		124000		0.0046		0.0008		1
53		1588		124100		0.0050		0.0005		1
53		1688		124200		0.0048		0.0005		1
53		1788		124300		0.0063		0.0008		1
53		1888		124400		0.0040		0.0005		1
53		1988		124500		0.0075		0.0006		1
53		2088		124600		0.0058		0.0054		1
53		2188		124700		0.0066		0.0014		1
53		2288		124800		0.0093		0.0006		1
54		32		124900		0.0048		0.0009		1
54		132		125000		0.0039		0.0004		1
54		232		125100		0.0050		0.0007		1
54		332		125200		0.0064		0.0007		1
54		432		125300		0.0074		0.0016		1
54		532		125400		0.0065		0.0041		1
54		632		125500		0.0036		0.0016		1
54		732		125600		0.0071		0.0064		1
54		832		125700		0.0055		0.0039		1
54		932		125800		0.0063		0.0113		1
54		1032		125900		0.0049		0.0014		1
54		1132		126000		0.0052		0.0003		1
54		1232		126100		0.0048		0.0006		1
54		1332		126200		0.0066		0.0071		1
54		1432		126300		0.0069		0.0012		1
54		1532		126400		0.0067		0.0008		1
54		1632		126500		0.0064		0.0003		1
54		1732		126600		0.0070		0.0103		1
54		1832		126700		0.0052		0.0017		1
54		1932		126800		0.0064		0.0010		1
54		2032		126900		0.0054		0.0051		1
54		2132		127000		0.0072		0.0016		1
54		2232		127100		0.0056		0.0008		1
54		2332		127200		0.0081		0.0016		1
55		76		127300		0.0065		0.0114		1
55		176		127400		0.0074		0.0004		1
55		276		127500		0.0047		0.0006		1
55		376		127600		0.0058		0.0004		1
55		476		127700		0.0065		0.0030		1
55		576		127800		0.0043		0.0003		1
55		676		127900		0.0057		0.0011		1
55		776		128000		0.0073		0.0287		1
55		876		128100		0.0068		0.0013		1
55		976		128200		0.0040		0.0007		1
55		1076		128300		0.0053		0.0025		1
55		1176		128400		0.0054		0.0033		1
55		1276		128500		0.0048		0.0026		1
55		1376		128600		0.0082		0.0010		1
55		1476		128700		0.0067		0.0040		1
55		1576		128800		0.0049		0.0062		1
55		1676		128900		0.0051		0.0034		1
55		1776		129000		0.0077		0.0008		1
55		1876		129100		0.0095		0.0030		1
55		1976		129200		0.0077		0.0006		1
55		2076		129300		0.0071		0.0010		1
55		2176		129400		0.0083		0.0036		1
55		2276		129500		0.0063		0.0004		1
56		20		129600		0.0051		0.0006		1
56		120		129700		0.0047		0.0005		1
56		220		129800		0.0070		0.0016		1
56		320		129900		0.0044		0.0009		1
56		420		130000		0.0046		0.0004		1
56		520		130100		0.0073		0.0009		1
56		620		130200		0.0050		0.0003		1
56		720		130300		0.0055		0.0029		1
56		820		130400		0.0055		0.0097		1
56		920		130500		0.0047		0.0008		1
56		1020		130600		0.0065		0.0011		1
56		1120		130700		0.0045		0.0004		1
56		1220		130800		0.0070		0.0005		1
56		1320		130900		0.0064		0.0024		1
56		1420		131000		0.0096		0.0004		1
56		1520		131100		0.0091		0.0009		1
56		1620		131200		0.0063		0.0012		1
56		1720		131300		0.0058		0.0040		1
56		1820		131400		0.0058		0.0006		1
56		1920		131500		0.0067		0.0004		1
56		2020		131600		0.0108		0.0004		1
56		2120		131700		0.0072		0.0290		1
56		2220		131800		0.0068		0.0261		1
56		2320		131900		0.0051		0.0026		1
57		64		132000		0.0046		0.0007		1
57		164		132100		0.0059		0.0006		1
57		264		132200		0.0063		0.0037		1
57		364		132300		0.0057		0.0006		1
57		464		132400		0.0041		0.0016		1
57		564		132500		0.0065		0.0016		1
57		664		132600		0.0065		0.0064		1
57		764		132700		0.0079		0.0012		1
57		864		132800		0.0057		0.0005		1
57		964		132900		0.0054		0.0147		1
57		1064		133000		0.0089		0.0005		1
57		1164		133100		0.0060		0.0507		1
57		1264		133200		0.0050		0.0018		1
57		1364		133300		0.0084		0.0006		1
57		1464		133400		0.0075		0.0034		1
57		1564		133500		0.0048		0.0006		1
57		1664		133600		0.0072		0.0015		1
57		1764		133700		0.0068		0.0044		1
57		1864		133800		0.0088		0.0010		1
57		1964		133900		0.0082		0.0034		1
57		2064		134000		0.0075		0.0084		1
57		2164		134100		0.0046		0.0008		1
57		2264		134200		0.0077		0.0009		1
58		8		134300		0.0074		0.0012		1
58		108		134400		0.0066		0.0012		1
58		208		134500		0.0055		0.0004		1
58		308		134600		0.0049		0.0003		1
58		408		134700		0.0041		0.0007		1
58		508		134800		0.0078		0.0008		1
58		608		134900		0.0044		0.0010		1
58		708		135000		0.0063		0.0011		1
58		808		135100		0.0077		0.0008		1
58		908		135200		0.0053		0.0003		1
58		1008		135300		0.0075		0.0009		1
58		1108		135400		0.0069		0.0064		1
58		1208		135500		0.0058		0.0026		1
58		1308		135600		0.0054		0.0007		1
58		1408		135700		0.0088		0.0026		1
58		1508		135800		0.0078		0.0024		1
58		1608		135900		0.0071		0.0006		1
58		1708		136000		0.0060		0.0039		1
58		1808		136100		0.0106		0.0027		1
58		1908		136200		0.0073		0.0012		1
58		2008		136300		0.0070		0.0005		1
58		2108		136400		0.0276		0.0014		1
58		2208		136500		0.0051		0.0007		1
58		2308		136600		0.0074		0.0007		1
59		52		136700		0.0064		0.0316		1
59		152		136800		0.0065		0.0004		1
59		252		136900		0.0057		0.0004		1
59		352		137000		0.0036		0.0239		1
59		452		137100		0.0060		0.0019		1
59		552		137200		0.0069		0.0008		1
59		652		137300		0.0077		0.0007		1
59		752		137400		0.0132		0.0035		1
59		852		137500		0.0036		0.0003		1
59		952		137600		0.0059		0.0009		1
59		1052		137700		0.0065		0.0007		1
59		1152		137800		0.0052		0.0017		1
59		1252		137900		0.0061		0.0035		1
59		1352		138000		0.0066		0.0099		1
59		1452		138100		0.0075		0.0019		1
59		1552		138200		0.0074		0.0488		1
59		1652		138300		0.0073		0.0008		1
59		1752		138400		0.0122		0.0043		1
59		1852		138500		0.0107		0.0025		1
59		1952		138600		0.0046		0.0010		1
59		2052		138700		0.0076		0.0036		1
59		2152		138800		0.0069		0.0014		1
59		2252		138900		0.0065		0.0050		1
59		2352		139000		0.0057		0.0012		1
60		96		139100		0.0048		0.0099		1
60		196		139200		0.0065		0.0004		1
60		296		139300		0.0056		0.0006		1
60		396		139400		0.0069		0.0011		1
60		496		139500		0.0056		0.0050		1
60		596		139600		0.0076		0.0028		1
60		696		139700		0.0061		0.0086		1
60		796		139800		0.0058		0.0049		1
60		896		139900		0.0065		0.0007		1
60		996		140000		0.0060		0.0053		1
60		1096		140100		0.0058		0.0014		1
60		1196		140200		0.0084		0.0072		1
60		1296		140300		0.0065		0.0004		1
60		1396		140400		0.0079		0.0036		1
60		1496		140500		0.0078		0.0205		1
60		1596		140600		0.0057		0.0043		1
60		1696		140700		0.0064		0.0015		1
60		1796		140800		0.0058		0.0036		1
60		1896		140900		0.0052		0.0007		1
60		1996		141000		0.0104		0.0014		1
60		2096		141100		0.0090		0.0015		1
60		2196		141200		0.0072		0.0031		1
60		2296		141300		0.0057		0.0013		1
61		40		141400		0.0037		0.0004		1
61		140		141500		0.0072		0.0057		1
61		240		141600		0.0052		0.0008		1
61		340		141700		0.0066		0.0006		1
61		440		141800		0.0052		0.0017		1
61		540		141900		0.0046		0.0037		1
61		640		142000		0.0043		0.0017		1
61		740		142100		0.0064		0.0003		1
61		840		142200		0.0052		0.0053		1
61		940		142300		0.0059		0.0618		1
61		1040		142400		0.0064		0.0033		1
61		1140		142500		0.0077		0.0012		1
61		1240		142600		0.0050		0.0018		1
61		1340		142700		0.0043		0.0004		1
61		1440		142800		0.0041		0.0004		1
61		1540		142900		0.0061		0.0005		1
61		1640		143000		0.0058		0.0006		1
61		1740		143100		0.0044		0.0003		1
61		1840		143200		0.0054		0.0018		1
61		1940		143300		0.0058		0.0012		1
61		2040		143400		0.0058		0.0007		1
61		2140		143500		0.0070		0.0007		1
61		2240		143600		0.0042		0.0005		1
61		2340		143700		0.0063		0.0014		1
62		84		143800		0.0047		0.0010		1
62		184		143900		0.0063		0.0004		1
62		284		144000		0.0074		0.0008		1
62		384		144100		0.0045		0.0008		1
62		484		144200		0.0070		0.0005		1
62		584		144300		0.0043		0.0004		1
62		684		144400		0.0111		0.0031		1
62		784		144500		0.0079		0.0250		1
62		884		144600		0.0070		0.0059		1
62		984		144700		0.0053		0.0010		1
62		1084		144800		0.0074		0.0029		1
62		1184		144900		0.0103		0.0004		1
62		1284		145000		0.0058		0.0004		1
62		1384		145100		0.0076		0.0022		1
62		1484		145200		0.0064		0.0040		1
62		1584		145300		0.0074		0.0011		1
62		1684		145400		0.0091		0.0118		1
62		1784		145500		0.0061		0.0010		1
62		1884		145600		0.0079		0.0008		1
62		1984		145700		0.0045		0.0027		1
62		2084		145800		0.0062		0.0010		1
62		2184		145900		0.0064		0.0011		1
62		2284		146000		0.0125		0.0193		1
63		28		146100		0.0089		0.0009		1
63		128		146200		0.0062		0.0006		1
63		228		146300		0.0091		0.0034		1
63		328		146400		0.0046		0.0007		1
63		428		146500		0.0067		0.0005		1
63		528		146600		0.0041		0.0009		1
63		628		146700		0.0109		0.0009		1
63		728		146800		0.0069		0.0007		1
63		828		146900		0.0059		0.0014		1
63		928		147000		0.0048		0.0009		1
63		1028		147100		0.0046		0.0051		1
63		1128		147200		0.0055		0.0004		1
63		1228		147300		0.0075		0.0012		1
63		1328		147400		0.0093		0.0003		1
63		1428		147500		0.0079		0.0014		1
63		1528		147600		0.0060		0.0006		1
63		1628		147700		0.0044		0.0005		1
63		1728		147800		0.0050		0.0008		1
63		1828		147900		0.0076		0.0017		1
63		1928		148000		0.0150		0.0536		1
63		2028		148100		0.0061		0.0008		1
63		2128		148200		0.0091		0.0594		1
63		2228		148300		0.0059		0.0046		1
63		2328		148400		0.0058		0.0012		1
64		72		148500		0.0055		0.0003		1
64		172		148600		0.0039		0.0014		1
64		272		148700		0.0045		0.0007		1
64		372		148800		0.0058		0.0003		1
64		472		148900		0.0047		0.0004		1
64		572		149000		0.0051		0.0003		1
64		672		149100		0.0059		0.0003		1
64		772		149200		0.0050		0.0006		1
64		872		149300		0.0073		0.0004		1
64		972		149400		0.0067		0.0026		1
64		1072		149500		0.0069		0.0006		1
64		1172		149600		0.0051		0.0004		1
64		1272		149700		0.0063		0.0009		1
64		1372		149800		0.0051		0.0010		1
64		1472		149900		0.0116		0.0007		1
64		1572		150000		0.0065		0.0021		1
64		1672		150100		0.0046		0.0263		1
64		1772		150200		0.0043		0.0005		1
64		1872		150300		0.0053		0.0050		1
64		1972		150400		0.0067		0.0028		1
64		2072		150500		0.0053		0.0007		1
64		2172		150600		0.0066		0.0011		1
64		2272		150700		0.0050		0.0003		1
65		16		150800		0.0056		0.0005		1
65		116		150900		0.0047		0.0005		1
65		216		151000		0.0043		0.0009		1
65		316		151100		0.0098		0.0005		1
65		416		151200		0.0074		0.0004		1
65		516		151300		0.0069		0.0009		1
65		616		151400		0.0085		0.0406		1
65		716		151500		0.0070		0.0017		1
65		816		151600		0.0037		0.0006		1
65		916		151700		0.0069		0.0008		1
65		1016		151800		0.0043		0.0006		1
65		1116		151900		0.0076		0.0009		1
65		1216		152000		0.0070		0.0068		1
65		1316		152100		0.0056		0.0017		1
65		1416		152200		0.0069		0.0014		1
65		1516		152300		0.0064		0.0006		1
65		1616		152400		0.0057		0.0006		1
65		1716		152500		0.0097		0.0006		1
65		1816		152600		0.0057		0.0003		1
65		1916		152700		0.0066		0.0008		1
65		2016		152800		0.0048		0.0211		1
65		2116		152900		0.0054		0.0005		1
65		2216		153000		0.0066		0.0006		1
65		2316		153100		0.0057		0.0011		1
66		60		153200		0.0058		0.0007		1
66		160		153300		0.0060		0.0021		1
66		260		153400		0.0060		0.0005		1
66		360		153500		0.0074		0.0013		1
66		460		153600		0.0046		0.0004		1
66		560		153700		0.0054		0.0003		1
66		660		153800		0.0070		0.0004		1
66		760		153900		0.0037		0.0002		1
66		860		154000		0.0083		0.0008		1
66		960		154100		0.0040		0.0009		1
66		1060		154200		0.0048		0.0014		1
66		1160		154300		0.0060		0.0537		1
66		1260		154400		0.0050		0.0174		1
66		1360		154500		0.0056		0.0031		1
66		1460		154600		0.0043		0.0007		1
66		1560		154700		0.0057		0.0010		1
66		1660		154800		0.0070		0.0081		1
66		1760		154900		0.0071		0.0007		1
66		1860		155000		0.0056		0.0008		1
66		1960		155100		0.0054		0.0012		1
66		2060		155200		0.0052		0.0005		1
66		2160		155300		0.0070		0.0319		1
66		2260		155400		0.0077		0.0017		1
67		4		155500		0.0084		0.0021		1
67		104		155600		0.0055		0.0013		1
67		204		155700		0.0065		0.0006		1
67		304		155800		0.0046		0.0004		1
67		404		155900		0.0071		0.0002		1
67		504		156000		0.0058		0.0007		1
67		604		156100		0.0049		0.0147		1
67		704		156200		0.0060		0.0004		1
67		804		156300		0.0059		0.0006		1
67		904		156400		0.0058		0.0050		1
67		1004		156500		0.0064		0.0040		1
67		1104		156600		0.0050		0.0005		1
67		1204		156700		0.0057		0.0037		1
67		1304		156800		0.0058		0.0002		1
67		1404		156900		0.0077		0.0012		1
67		1504		157000		0.0078		0.0028		1
67		1604		157100		0.0033		0.0003		1
67		1704		157200		0.0066		0.0007		1
67		1804		157300		0.0061		0.0035		1
67		1904		157400		0.0069		0.0007		1
67		2004		157500		0.0052		0.0028		1
67		2104		157600		0.0050		0.0012		1
67		2204		157700		0.0043		0.0006		1
67		2304		157800		0.0052		0.0007		1
68		48		157900		0.0064		0.0356		1
68		148		158000		0.0043		0.0006		1
68		248		158100		0.0061		0.0034		1
68		348		158200		0.0059		0.0043		1
68		448		158300		0.0055		0.0006		1
68		548		158400		0.0075		0.0006		1
68		648		158500		0.0055		0.0004		1
68		748		158600		0.0066		0.0007		1
68		848		158700		0.0057		0.0141		1
68		948		158800		0.0061		0.0014		1
68		1048		158900		0.0045		0.0016		1
68		1148		159000		0.0071		0.0009		1
68		1248		159100		0.0077		0.0005		1
68		1348		159200		0.0055		0.0003		1
68		1448		159300		0.0044		0.0016		1
68		1548		159400		0.0076		0.0037		1
68		1648		159500		0.0076		0.0022		1
68		1748		159600		0.0058		0.0010		1
68		1848		159700		0.0052		0.0009		1
68		1948		159800		0.0050		0.0003		1
68		2048		159900		0.0055		0.0008		1
68		2148		160000		0.0055		0.0025		1
68		2248		160100		0.0082		0.0011		1
68		2348		160200		0.0067		0.0012		1
69		92		160300		0.0047		0.0004		1
69		192		160400		0.0051		0.0020		1
69		292		160500		0.0053		0.0014		1
69		392		160600		0.0070		0.0040		1
69		492		160700		0.0053		0.0008		1
69		592		160800		0.0053		0.0007		1
69		692		160900		0.0056		0.0007		1
69		792		161000		0.0055		0.0012		1
69		892		161100		0.0050		0.0007		1
69		992		161200		0.0045		0.0006		1
69		1092		161300		0.0079		0.0011		1
69		1192		161400		0.0063		0.0011		1
69		1292		161500		0.0036		0.0004		1
69		1392		161600		0.0080		0.0028		1
69		1492		161700		0.0061		0.0012		1
69		1592		161800		0.0052		0.0003		1
69		1692		161900		0.0063		0.0006		1
69		1792		162000		0.0077		0.0021		1
69		1892		162100		0.0054		0.0007		1
69		1992		162200		0.0046		0.0055		1
69		2092		162300		0.0067		0.0066		1
69		2192		162400		0.0049		0.0045		1
69		2292		162500		0.0067		0.0014		1
70		36		162600		0.0078		0.0004		1
70		136		162700		0.0050		0.0013		1
70		236		162800		0.0059		0.0003		1
70		336		162900		0.0049		0.0005		1
70		436		163000		0.0089		0.0006		1
70		536		163100		0.0081		0.0059		1
70		636		163200		0.0050		0.0006		1
70		736		163300		0.0054		0.0006		1
70		836		163400		0.0046		0.0004		1
70		936		163500		0.0052		0.0046		1
70		1036		163600		0.0068		0.0016		1
70		1136		163700		0.0059		0.0011		1
70		1236		163800		0.0043		0.0038		1
70		1336		163900		0.0066		0.0005		1
70		1436		164000		0.0049		0.0004		1
70		1536		164100		0.0055		0.0006		1
70		1636		164200		0.0053		0.0004		1
70		1736		164300		0.0058		0.0004		1
70		1836		164400		0.0053		0.0009		1
70		1936		164500		0.0054		0.0187		1
70		2036		164600		0.0046		0.0020		1
70		2136		164700		0.0094		0.0016		1
70		2236		164800		0.0042		0.0002		1
70		2336		164900		0.0056		0.0009		1